ISS (ZARYA)             
1 25544U 98067A   15300.48358061  .00011291  00000-0  17420-3 0  9995
2 25544  51.6442 143.7902 0006843  84.0709 354.1603 15.54643479968620
TIANGONG 1              
1 37820U 11053A   15300.21455157  .00032760  00000-0  30435-3 0  9995
2 37820  42.7662 204.3544 0016021 222.8967 274.3382 15.66626380233995
SPINSAT                 
1 40314U 98067FL  15300.54152885  .00022366  00000-0  22543-3 0  9997
2 40314  51.6381 133.0516 0005547 233.5859 126.4625 15.65288678103368
FLOCK 1B-27             
1 40422U 98067FN  15287.40141468  .12345523  12126-4  18481-2 0  9998
2 40422  51.6214 176.1519 0007733 223.4824 136.5742 16.33460552 44986
FLOCK 1B-21             
1 40427U 98067FQ  15285.15460855  .07377933  12094-4  12919-2 0  9995
2 40427  51.6373 188.1715 0005804 192.9707 167.8607 16.31966186 44658
FLOCK 1B-22             
1 40428U 98067FR  15275.79961822  .14624565  12690-4  38091-3 0  9991
2 40428  51.5892 238.2398 0032703  63.0542 305.4059 16.41708286 43152
FLOCK 1D-1              
1 40451U 98067FU  15286.21737536  .23981306  12451-4  98879-3 0  9993
2 40451  51.6016 180.9501 0006721 248.3966 111.7479 16.43343702 44824
FLOCK 1D-2              
1 40452U 98067FV  15300.37883613  .00137987  00000-0  69041-3 0  9991
2 40452  51.6329 124.2039 0006878 241.2450 191.9903 15.80840364 46844
FLOCK 1B-6              
1 40454U 98067FX  15289.07090480  .13466187  12217-4  19252-2 0  9994
2 40454  51.5995 170.0820 0007749 264.0906  96.1726 16.33901976 45213
GEARRS-1                
1 40456U 98067FZ  15300.53800500  .00538928  14564-3  82192-3 0  9992
2 40456  51.6337 113.3362 0008658 265.5937  94.4085 16.03766916 47005
PROGRESS-M 28M          
1 40713U 15031A   15298.48956499  .00011217  00000-0  17341-3 0  9995
2 40713  51.6445 153.7370 0006865  76.6950 354.3656 15.54596745 17793
FLOCK 1E-2              
1 40722U 98067GE  15300.51135148  .00099413  00000-0  10401-2 0  9996
2 40722  51.6428 140.2058 0004487 257.1144 190.6600 15.63631046 16486
FLOCK 1E-1              
1 40723U 98067GF  15300.41868181  .00037824  00000-0  43540-3 0  9995
2 40723  51.6428 141.1157 0003219 285.4811 143.9163 15.61599416 16414
FLOCK 1E-4              
1 40724U 98067GG  15300.43569277  .00045413  00000-0  52227-3 0  9997
2 40724  51.6429 141.2312 0004171 198.1068 232.1244 15.61536346 16416
FLOCK 1E-3              
1 40725U 98067GH  15300.42583192  .00047800  00000-0  51603-3 0  9998
2 40725  51.6423 140.4023 0005930 192.6199 240.3599 15.63134043 16390
FLOCK 1E-7              
1 40726U 98067GJ  15300.42927156  .00043119  00000-0  49676-3 0  9997
2 40726  51.6428 141.1930 0002597 287.9110 139.4597 15.61519569 16268
FLOCK 1E-8              
1 40727U 98067GK  15300.43003469  .00044955  00000-0  51509-3 0  9998
2 40727  51.6431 141.2023 0002834 268.1758 159.3596 15.61641648 16253
FLOCK 1E-5              
1 40728U 98067GL  15300.49014218  .00040478  00000-0  46303-3 0  9991
2 40728  51.6419 140.8165 0004460 246.8726 196.1572 15.61726265 16271
FLOCK 1E-6              
1 40729U 98067GM  15300.53505498  .00042152  00000-0  47739-3 0  9997
2 40729  51.6438 140.4932 0004240 244.3533 137.1544 15.61966999 16292
FLOCK 1E-9              
1 40736U 98067GN  15300.38345890  .00040391  00000-0  47334-3 0  9990
2 40736  51.6433 141.6545 0000776 244.1606 179.2275 15.61107985 16231
FLOCK 1E-10             
1 40737U 98067GP  15300.50865396  .00039713  00000-0  45971-3 0  9994
2 40737  51.6422 140.9397 0001741 221.2995 223.6056 15.61434657 16260
FLOCK 1E-11             
1 40738U 98067GQ  15300.42610428  .00040400  00000-0  43788-3 0  9999
2 40738  51.6434 140.4027 0003632 223.1878 209.7421 15.63120195 16083
FLOCK 1E-12             
1 40739U 98067GR  15300.37267881  .00040260  00000-0  46723-3 0  9991
2 40739  51.6437 141.5843 0004490 242.3913 176.7612 15.61353902 16077
FLOCK 1E-13             
1 40740U 98067GS  15300.49279689  .00041366  00000-0  47269-3 0  9999
2 40740  51.6439 140.8424 0002433 270.9233 172.6341 15.61750666 16077
FLOCK 1E-14             
1 40741U 98067GT  15300.42338709  .00041902  00000-0  47755-3 0  9998
2 40741  51.6446 141.1485 0002033 265.7327 166.3210 15.61813355 16057
ARKYD-3R                
1 40742U 98067GU  15300.09695869  .00159611  00000-0  12462-2 0  9998
2 40742  51.6404 140.4349 0003873 221.7396 221.4354 15.70628472 16038
CENTENNIAL 1            
1 40743U 98067GV  15300.43516988  .00115354  00000-0  10390-2 0  9995
2 40743  51.6423 139.7301 0001918 218.9004 210.3295 15.67324816 16077
SOYUZ-TMA 17M           
1 40744U 15035A   15298.48956499  .00011217  00000-0  17341-3 0  9993
2 40744  51.6445 153.7370 0006865  76.6950 354.3656 15.54596745 14716
SOYUZ-TMA 18M           
1 40885U 15043A   15298.48956499  .00011217  00000-0  17341-3 0  9998
2 40885  51.6445 153.7370 0006865  76.6950 354.3656 15.54596745  8300
SERPENS                 
1 40897U 98067GX  15300.53935912  .00056205  00000-0  71576-3 0  9991
2 40897  51.6398 142.8341 0006036 103.1311 257.0356 15.58760410  6124
S-CUBE                  
1 40898U 98067GY  15300.11242383  .00029405  00000-0  40757-3 0  9998
2 40898  51.6404 145.2300 0007710  78.7445 281.4413 15.56788273  6052
PROGRESS-M 29M          
1 40944U 15055A   15298.48956499  .00011217  00000-0  17341-3 0  9997
2 40944  51.6445 153.7370 0006865  76.6950 354.3656 15.54596745  3705
