ISS (ZARYA)
1 25544U 98067A   15299.56970807  .00016717  00000-0  10270-3 0  9005
2 25544  51.6393 148.3536 0006481  75.6298 284.5574 15.54613462  8487
ISS (ZARYA)
1 25544U 98067A   15300.59821194  .00016717  00000-0  10270-3 0  9016
2 25544  51.6391 143.2215 0006493  79.4440 280.7444 15.54601217  8644
ISS (ZARYA)
1 25544U 98067A   15301.56241926  .00016717  00000-0  10270-3 0  9024
2 25544  51.6384 138.4093 0006517  83.5247 276.6648 15.54658575  8799
ISS (ZARYA)
1 25544U 98067A   15302.59089323  .00016717  00000-0  10270-3 0  9030
2 25544  51.6384 133.2772 0006398  86.9358 273.2527 15.54669601  8952
ISS (ZARYA)
1 25544U 98067A   15303.55507489  .00016717  00000-0  10270-3 0  9046
2 25544  51.6389 128.4656 0006546  91.0229 269.1674 15.54699877  9106
ISS (ZARYA)
1 25544U 98067A   15304.58351898  .00016717  00000-0  10270-3 0  9052
2 25544  51.6389 123.3332 0006416  92.6410 267.5478 15.54759646  9268
ISS (ZARYA)
1 25544U 98067A   15305.61195042  .00016717  00000-0  10270-3 0  9065
2 25544  51.6399 118.2014 0006563  98.7810 261.4086 15.54758970  9428
ISS (ZARYA)
1 25544U 98067A   15306.57609028  .00016717  00000-0  10270-3 0  9076
2 25544  51.6403 113.3901 0006573 100.6641 259.5253 15.54780124  9577
ISS (ZARYA)
1 25544U 98067A   15307.60449028  .00016717  00000-0  10270-3 0  9084
2 25544  51.6405 108.2579 0006465 105.5545 254.6322 15.54815792  9731
ISS (ZARYA)
1 25544U 98067A   15308.56860254  .00016717  00000-0  10270-3 0  9099
2 25544  51.6413 103.4476 0006545 107.5659 252.6210 15.54824787  9884
ISS (ZARYA)
1 25544U 98067A   15309.59697364  .00016717  00000-0  10270-3 0  9105
2 25544  51.6413  98.3144 0006523 110.6804 249.5049 15.54822061 10049
ISS (ZARYA)
1 25544U 98067A   15310.56105537  .00016717  00000-0  10270-3 0  9111
2 25544  51.6418  93.5036 0006427 114.4483 245.7341 15.54859852 10196
ISS (ZARYA)
1 25544U 98067A   15311.58939524  .00016717  00000-0  10270-3 0  9126
2 25544  51.6421  88.3706 0006494 118.0006 242.1805 15.54864727 10352
ISS (ZARYA)
1 25544U 98067A   15312.55344791  .00016717  00000-0  10270-3 0  9131
2 25544  51.6429  83.5591 0006325 119.7528 240.4255 15.54894803 10504
ISS (ZARYA)
1 25544U 98067A   15313.58175608  .00016717  00000-0  10270-3 0  9145
2 25544  51.6431  78.4265 0006350 124.0374 236.1383 15.54930007 10662
